#OTU ID	Callimicos	WartyPig	Baboon	Chimp	Gorilla	Orangutan	Saki	Urial	Colobus	RingTailedLemur	Giraffe	Okapi	BigHornSheep	Gazelle	Lion	PolarBear	Springbok	BlackLemur	BushDog	Hyena	SpectacledBear	BlackBear
otu1	0	0	4	14	0	0	5	0	0	0	0	0	2	0	0	0	0	0	0	0	141	913
otu2	0	0	0	0	0	0	0	0	0	0	0	0	0	0	0	0	0	0	0	0	591	0
otu3	0	0	0	0	0	0	0	0	0	0	0	0	0	0	340	0	0	0	182	34	0	0
otu4	0	0	0	0	0	0	0	0	0	0	0	0	0	0	0	423	0	0	3	0	0	0
otu5	414	3	2	0	0	0	1	0	0	0	0	0	0	0	0	0	0	0	0	0	0	0
otu6	0	0	0	0	0	0	0	0	0	0	0	0	0	0	0	0	0	410	0	0	0	3
otu7	272	0	0	8	13	4	0	0	0	0	0	0	0	0	0	0	0	0	0	0	0	0
otu8	0	0	328	1	0	3	0	0	0	0	0	0	0	0	0	0	0	0	0	0	0	0
otu9	0	0	41	57	13	80	0	0	0	0	0	0	0	0	0	1	0	118	0	0	0	0
otu10	0	0	0	0	0	0	0	0	0	0	0	0	0	0	185	0	0	0	0	0	0	0
otu11	0	0	0	0	0	0	0	0	0	0	0	0	0	0	0	1	0	0	0	0	156	0
otu12	0	0	0	0	215	0	0	0	0	0	0	0	0	0	0	0	0	0	0	0	0	0
otu13	0	0	0	0	0	0	0	6	0	0	141	91	0	0	0	0	0	0	0	0	0	0
otu14	0	0	0	0	0	0	0	0	0	0	0	0	0	0	4	9	0	0	105	12	0	3
otu15	0	0	0	0	0	0	0	0	0	0	4	0	0	0	16	85	0	0	0	0	0	19
otu16	0	175	0	0	0	0	0	0	0	0	0	0	0	0	0	0	0	0	0	0	0	0
otu17	0	0	0	0	0	0	0	0	0	0	0	0	0	0	14	18	0	0	74	6	0	6
otu18	0	0	0	0	0	0	0	0	0	0	0	0	0	0	109	1	0	0	3	0	0	0
otu19	0	0	0	0	0	0	0	0	0	0	0	0	0	0	0	112	0	0	0	0	0	0
otu20	0	0	0	37	5	0	52	0	0	1	0	0	0	0	0	0	0	38	0	0	0	0
otu21	0	0	8	22	12	26	0	0	0	0	0	0	0	0	0	0	0	58	0	0	0	0
otu22	0	0	64	26	1	17	20	0	1	0	0	0	0	0	0	0	0	0	0	0	0	0
otu23	0	5	0	0	0	0	0	0	0	0	81	50	0	0	0	12	0	0	0	0	0	1
otu24	0	0	0	0	0	0	0	0	0	0	0	0	0	0	0	0	0	0	90	2	0	0
otu25	0	0	0	0	0	1	93	0	0	0	0	0	0	0	0	0	0	6	0	0	0	0
otu26	0	0	0	0	0	0	0	0	0	1	0	0	0	0	0	0	0	0	7	86	0	0
otu27	0	1	0	0	0	0	0	0	0	0	0	0	0	1	0	0	0	0	0	91	0	0
otu28	0	0	0	0	0	1	0	0	0	0	0	0	0	0	79	0	0	0	0	0	0	0
otu29	0	0	0	0	1	108	0	0	0	0	0	0	0	0	0	0	0	0	0	0	0	0
otu30	0	106	0	0	0	7	0	0	0	0	1	0	0	0	0	2	0	0	0	0	0	0
otu31	0	0	0	0	0	43	28	0	0	0	0	0	0	0	0	0	0	22	0	0	0	0
otu32	0	0	0	0	0	0	0	0	0	0	0	0	0	0	15	0	0	0	43	23	0	0
otu33	0	0	0	16	60	20	0	0	0	0	0	0	0	0	0	0	0	5	0	0	0	0
otu34	0	0	0	0	0	0	0	0	0	1	1	0	0	0	3	64	0	0	0	0	0	3
otu35	0	0	0	44	18	7	21	0	0	0	0	0	0	0	0	0	0	6	0	0	0	0
otu36	0	0	0	42	11	14	9	0	17	0	0	0	0	0	0	0	0	4	0	0	0	0
otu37	0	0	0	0	26	0	0	0	70	0	0	0	0	0	0	0	0	0	0	0	0	0
otu38	0	0	0	0	0	0	0	0	90	0	0	0	0	0	0	0	0	0	0	0	0	0
otu39	0	0	0	2	25	22	9	0	5	17	0	0	0	0	0	0	0	0	0	0	0	0
otu40	0	0	0	0	0	0	0	0	86	0	0	0	0	0	0	0	0	0	0	0	0	0
otu41	0	0	0	35	13	3	28	0	0	0	0	0	0	0	0	0	0	0	0	0	0	0
otu42	0	0	0	0	0	0	0	0	0	0	0	0	0	0	0	0	0	0	0	67	0	0
otu43	0	0	0	8	0	0	4	0	0	0	0	0	0	0	0	0	0	48	0	0	0	0
otu44	0	6	0	0	0	0	0	1	0	0	55	26	0	0	0	0	0	0	0	0	0	0
otu45	53	0	0	0	0	0	0	0	0	0	0	0	0	0	0	0	0	0	0	0	0	0
otu46	0	0	0	0	0	0	0	0	74	0	0	0	0	0	0	0	0	0	0	0	0	0
otu47	0	0	0	0	0	0	0	0	0	0	0	0	0	0	23	0	0	0	7	25	0	0
otu48	0	0	9	1	4	13	0	0	0	0	0	0	0	0	0	0	0	29	0	0	0	0
otu49	0	0	0	0	0	0	0	0	0	0	0	0	0	0	0	0	87	0	0	0	0	0
otu50	0	0	0	0	0	0	0	0	0	0	31	50	0	0	0	0	0	0	0	0	0	0
otu51	0	0	41	0	1	16	0	0	0	0	0	0	0	0	0	0	0	0	0	0	0	0
otu52	0	0	0	0	0	0	0	1	0	0	73	1	0	0	0	0	0	0	0	0	0	0
otu53	0	0	0	0	0	0	0	0	0	0	0	0	0	0	36	0	0	0	0	13	0	0
otu54	0	0	39	12	0	6	0	0	0	0	0	0	0	0	0	0	0	0	0	0	0	0
otu55	0	0	0	8	1	3	45	0	0	0	0	0	0	0	0	0	0	0	0	0	0	0
otu56	0	20	0	0	0	0	0	0	3	42	0	0	0	0	0	0	0	0	0	0	0	0
otu57	0	0	0	0	0	0	0	0	0	0	0	0	0	0	0	0	0	0	0	51	0	0
otu58	0	0	0	0	0	0	0	0	0	0	0	0	0	0	0	43	0	0	0	0	0	0
otu59	0	1	23	25	4	5	0	0	1	0	0	0	0	0	0	0	0	0	0	0	0	0
otu60	0	0	0	4	0	3	0	0	0	0	8	39	0	0	0	10	0	0	0	0	0	0
otu61	0	64	0	0	0	0	0	0	0	0	0	0	0	0	0	0	0	0	0	0	0	0
otu62	33	0	0	0	0	12	0	0	0	0	0	0	0	0	0	0	0	0	0	0	0	0
otu63	0	0	0	0	0	0	0	0	0	0	0	0	0	0	0	0	74	0	0	0	0	0
otu64	0	0	0	0	0	0	0	0	0	62	0	0	0	0	0	0	0	0	0	0	0	0
otu65	0	0	0	0	0	0	0	0	2	0	0	0	0	0	2	0	0	0	20	22	0	0
otu66	0	0	0	0	0	0	0	0	0	0	0	0	0	0	0	41	0	0	0	0	0	0
otu67	0	63	0	0	0	0	0	0	0	0	0	0	0	0	0	0	0	0	0	0	0	0
otu68	0	0	0	0	0	0	0	0	49	11	0	0	0	0	0	0	0	0	0	0	0	0
otu69	0	0	0	0	0	0	0	18	0	0	7	6	16	20	0	0	7	0	0	0	0	0
otu70	0	0	0	19	24	14	0	0	1	0	0	0	0	0	0	0	0	0	0	0	0	0
otu71	0	0	0	0	0	6	0	0	0	0	0	0	0	0	0	34	0	0	0	0	0	2
otu72	0	0	0	0	0	3	0	0	0	0	44	18	0	0	0	0	0	0	0	0	0	0
otu73	0	0	0	0	0	0	0	0	0	0	0	0	0	0	0	0	70	0	0	0	0	0
otu74	0	0	0	0	0	0	0	0	0	0	0	0	75	0	0	0	0	0	0	0	0	0
otu75	0	0	0	0	0	0	0	0	0	0	0	0	18	55	0	0	0	0	0	0	0	0
otu76	0	0	0	0	0	0	0	14	0	0	4	5	25	14	0	0	9	0	0	0	0	0
otu77	0	0	0	14	8	8	17	0	0	1	0	0	0	0	0	0	0	2	0	0	0	0
otu78	0	0	0	0	0	0	0	0	0	0	0	0	0	0	8	0	0	0	30	2	0	0
otu79	0	0	0	0	0	0	0	0	0	57	0	0	0	0	0	0	0	0	0	0	0	0
otu80	0	0	0	0	0	0	0	0	0	0	0	0	0	0	0	0	0	0	0	44	0	0
otu81	0	6	0	0	0	0	0	0	0	0	42	3	0	0	0	5	0	0	0	0	0	0
otu82	0	0	26	0	3	0	0	0	12	5	0	0	0	0	0	0	0	0	0	0	0	0
otu83	0	56	0	0	0	0	0	0	0	0	0	0	0	0	0	0	0	0	0	0	0	0
otu84	0	0	35	2	3	5	0	0	0	0	0	0	0	0	0	0	0	0	0	0	0	0
otu85	0	0	0	21	29	3	0	0	0	0	0	0	0	0	0	0	0	0	0	0	0	0
otu86	0	0	0	0	0	0	0	3	0	0	6	5	4	48	0	0	0	0	0	0	0	0
otu87	0	0	0	0	0	0	0	1	0	0	16	44	0	0	0	0	0	0	0	0	0	0
otu88	0	0	0	56	0	0	0	0	0	0	0	0	0	0	0	0	0	0	0	0	0	0
otu89	36	0	0	0	0	0	0	0	0	0	0	0	0	0	0	0	0	0	0	0	0	0
otu90	0	0	0	0	0	0	0	9	0	0	0	10	20	25	0	0	0	0	0	0	0	0
otu91	0	0	0	0	0	0	0	37	0	0	0	3	27	0	0	0	0	0	0	0	0	0
otu92	0	11	0	0	0	0	0	0	2	38	0	0	0	0	0	0	0	0	0	0	0	0
otu93	0	12	0	0	0	0	0	34	0	0	0	2	0	12	0	0	2	0	0	0	0	0
otu94	0	0	0	0	0	0	0	0	37	0	13	0	0	0	0	0	0	0	0	0	0	0
otu95	0	0	0	0	0	0	0	26	1	0	1	6	15	12	0	0	2	0	0	0	0	0
otu96	0	0	0	0	0	0	0	0	0	0	0	0	0	0	0	0	0	0	33	1	0	0
otu97	33	0	0	0	0	0	0	0	0	0	0	0	0	0	0	0	0	0	0	0	0	0
otu98	0	0	0	0	0	0	0	36	0	0	0	0	13	8	0	0	6	0	0	0	0	0
otu99	0	0	0	0	0	0	0	0	10	37	0	0	0	0	0	0	0	0	0	0	0	0
otu100	0	0	0	0	0	0	0	0	0	0	0	0	0	0	0	0	0	0	30	3	0	0
otu101	0	0	0	0	0	0	0	0	0	0	0	1	57	0	0	0	1	0	0	0	0	0
otu102	0	0	0	0	0	0	0	1	0	0	0	0	25	21	0	0	9	0	0	0	0	0
otu103	0	6	0	0	0	5	0	0	0	0	0	0	0	0	0	0	0	23	0	0	0	0
otu104	0	0	0	0	0	1	36	0	0	0	0	0	0	0	0	0	0	0	0	0	0	0
otu105	0	0	0	36	2	1	0	0	0	1	0	0	0	0	0	0	0	3	0	0	0	0
otu106	0	0	0	0	0	0	0	0	0	0	0	0	0	0	0	0	53	0	0	0	0	0
otu107	0	0	0	0	0	0	0	0	0	0	1	15	0	37	0	0	0	0	0	0	0	0
otu108	0	0	0	0	0	0	0	0	0	0	0	0	0	0	0	0	0	0	0	34	0	0
otu109	0	2	0	0	0	0	0	0	1	0	0	0	0	0	0	0	0	0	0	32	0	0
otu110	0	0	0	0	0	0	0	0	0	0	0	0	0	0	0	0	0	0	31	0	0	0
otu111	0	0	0	0	0	0	0	1	0	0	0	0	0	1	0	0	0	0	0	33	0	0
otu112	0	0	0	0	0	0	0	0	0	44	0	0	0	0	0	0	0	0	0	0	0	0
otu113	0	0	0	0	0	0	0	0	0	44	0	0	0	0	0	0	0	0	0	0	0	0
otu114	0	0	0	0	0	0	0	0	0	44	0	0	0	0	0	0	0	0	0	0	0	0
otu115	0	0	0	8	0	16	0	0	18	0	0	0	0	0	0	0	0	0	0	0	0	0
otu116	0	0	0	0	0	0	0	0	0	0	0	0	0	0	0	0	51	0	0	0	0	0
otu117	0	13	0	0	0	0	0	0	0	0	20	7	0	4	0	0	1	0	0	0	0	0
otu118	0	0	12	0	0	26	0	0	0	0	0	0	0	0	0	0	0	0	0	0	0	0
otu119	0	0	0	0	0	0	0	0	0	0	0	0	0	0	17	0	0	0	10	1	0	0
otu120	0	0	0	0	0	0	0	0	0	0	0	0	0	0	0	26	0	0	0	0	0	2
otu121	0	0	0	0	0	9	0	0	0	0	0	0	0	0	0	0	0	21	0	0	0	0
otu122	0	41	0	0	0	0	0	0	0	0	0	0	0	0	0	0	0	0	0	0	0	0
otu123	0	0	0	0	1	0	7	0	1	8	0	0	0	0	0	0	0	13	0	0	0	0
otu124	0	0	0	3	26	5	0	0	2	1	0	0	0	0	0	0	0	0	0	0	0	0
otu125	0	0	0	1	3	0	0	1	1	0	0	16	8	4	0	0	11	0	0	0	0	0
otu126	0	0	0	0	0	0	32	0	0	0	0	0	0	0	0	0	0	0	0	0	0	0
otu127	0	0	0	0	0	0	0	0	0	0	0	0	0	0	0	0	0	0	28	0	0	0
otu128	0	0	0	4	0	1	27	0	0	0	0	0	0	0	0	0	0	0	0	0	0	0
otu129	0	0	0	0	0	0	0	0	0	0	0	0	0	0	0	0	47	0	0	0	0	0
otu130	0	0	0	25	6	5	0	0	0	2	0	0	0	0	0	0	0	0	0	0	0	0
otu131	8	0	0	8	1	1	9	0	0	0	0	0	0	0	0	0	0	3	0	0	0	0
otu132	0	0	4	1	1	2	0	4	0	0	1	11	12	6	0	0	0	0	0	0	0	0
otu133	0	0	0	0	5	0	0	0	33	0	0	0	0	0	0	0	0	0	0	0	0	0
otu134	0	0	0	0	0	0	0	0	0	0	0	0	0	0	0	10	0	0	16	0	0	0
otu135	0	0	0	0	0	0	0	15	0	0	0	1	16	16	0	0	0	0	0	0	0	0
otu136	0	0	0	0	0	0	0	1	0	0	14	2	2	24	0	0	0	0	0	0	0	0
otu137	0	0	0	0	0	0	0	9	0	0	0	0	40	0	0	0	0	0	0	0	0	0
otu138	0	0	27	3	0	0	0	0	0	0	0	0	0	0	0	0	0	0	0	0	0	0
otu139	0	0	0	16	1	1	13	0	0	0	0	0	0	0	0	0	0	2	0	0	0	0
otu140	0	0	0	0	0	0	0	0	0	36	0	0	0	0	0	0	0	0	0	0	0	0
otu141	0	0	27	1	1	0	0	0	0	0	0	0	0	0	0	0	0	0	0	0	0	0
otu142	0	0	0	1	2	2	16	0	3	0	0	0	0	0	0	0	0	5	0	0	0	0
otu143	0	0	0	0	1	0	18	0	10	1	0	0	0	0	0	0	0	0	0	0	0	0
otu144	0	0	0	0	0	0	28	0	0	0	0	0	0	0	0	0	0	0	0	0	0	0
otu145	0	0	0	0	0	0	0	0	0	0	0	0	0	0	0	0	0	0	0	0	0	22
otu146	0	0	0	0	1	1	26	0	0	0	0	0	0	0	0	0	0	0	0	0	0	0
otu147	0	0	0	0	0	0	0	0	0	0	0	0	0	0	0	0	41	0	0	0	0	0
otu148	0	0	0	0	0	0	0	0	0	0	0	0	0	0	0	0	0	0	0	0	22	0
otu149	0	0	0	1	0	6	0	0	0	0	0	0	0	0	0	0	0	19	0	0	0	0
otu150	0	0	0	6	23	1	0	0	0	3	0	0	0	0	0	0	0	0	0	0	0	0
otu151	0	0	0	0	0	0	0	12	0	0	0	1	32	0	0	0	0	0	0	0	0	0
otu152	0	0	0	0	0	0	0	0	1	0	0	0	0	0	0	0	0	0	17	7	0	0
otu153	0	0	0	1	1	2	24	0	0	0	0	0	0	0	0	0	0	0	0	0	0	0
otu154	0	0	0	0	0	0	0	0	0	0	0	0	0	0	3	10	0	0	0	10	0	0
otu155	0	0	0	0	5	2	9	0	12	2	0	0	0	0	0	0	0	0	0	0	0	0
otu156	0	0	0	0	0	0	0	0	0	0	0	0	0	0	0	0	0	0	13	12	0	0
otu157	0	0	0	0	0	0	0	0	0	0	0	0	0	1	0	0	0	0	22	0	0	0
otu158	0	10	0	0	0	0	0	0	0	23	0	1	0	0	0	0	0	0	0	0	0	0
otu159	0	0	0	0	0	0	0	7	0	0	7	5	9	5	0	0	6	0	0	0	0	0
otu160	0	0	0	0	0	0	0	0	0	0	0	0	0	0	0	0	0	0	0	25	0	0
otu161	0	0	16	0	0	11	0	0	0	0	0	0	0	0	0	0	0	0	0	0	0	0
otu162	0	0	0	2	0	3	20	0	0	0	0	0	0	0	0	0	0	1	0	0	0	0
otu163	0	0	0	0	0	0	0	0	0	0	0	0	0	0	0	0	0	0	0	26	0	0
otu164	22	0	0	0	0	0	0	0	0	0	0	0	0	0	0	0	0	0	0	0	0	0
otu165	0	0	0	0	0	0	0	0	0	0	0	0	0	0	0	0	0	0	0	0	20	0
otu166	0	0	5	5	6	2	4	0	1	2	0	0	0	0	0	0	0	2	0	0	0	0
otu167	0	0	0	0	0	0	27	0	0	0	0	0	0	0	0	0	0	0	0	0	0	0
otu168	0	0	0	0	0	0	0	7	0	0	2	1	30	0	0	0	0	0	0	0	0	0
otu169	0	0	23	0	0	3	0	0	0	0	0	0	0	0	0	0	0	0	0	0	0	0
otu170	0	24	0	0	5	2	0	0	0	0	0	0	0	0	0	0	0	0	0	0	0	0
otu171	0	2	0	22	0	5	0	0	0	0	2	0	0	0	0	0	0	0	0	0	0	0
otu172	0	0	0	0	0	0	0	0	0	0	0	0	0	0	0	0	0	0	0	25	0	0
otu173	0	0	3	0	0	0	0	0	24	0	2	0	0	0	0	0	0	0	0	0	0	0
otu174	0	0	3	4	0	4	0	0	0	0	0	0	0	0	0	0	0	12	0	0	0	0
otu175	0	0	0	0	0	0	0	3	0	0	1	33	0	0	0	0	0	0	0	0	0	0
otu176	0	0	0	0	0	0	0	7	0	0	0	10	6	13	0	0	1	0	0	0	0	0
otu177	0	0	0	20	4	6	0	0	0	0	0	0	0	0	0	0	0	0	0	0	0	0
otu178	12	0	0	0	0	0	5	0	1	0	0	0	0	0	0	0	0	1	0	3	0	0
otu179	0	0	0	0	0	0	0	0	30	0	0	0	0	0	0	0	0	0	0	0	0	0
otu180	0	0	0	0	0	0	0	0	0	0	0	0	0	0	1	0	0	0	10	11	0	0
otu181	0	0	0	0	0	0	0	0	0	0	0	0	0	0	0	0	0	0	21	0	0	0
otu182	0	0	0	0	0	0	0	0	2	28	0	0	0	0	0	0	0	0	0	0	0	0
otu183	0	1	0	1	2	1	20	0	0	0	0	0	0	0	0	0	0	0	0	0	0	0
otu184	0	0	0	3	6	1	14	0	0	0	0	0	0	0	0	0	0	1	0	0	0	0
otu185	0	0	0	1	0	2	20	0	0	0	0	0	0	0	0	0	0	1	0	0	0	0
otu186	0	0	0	0	0	0	0	0	0	0	0	0	0	0	1	8	0	0	7	4	0	0
otu187	0	0	0	0	0	0	0	26	0	0	0	1	1	6	0	0	5	0	0	0	0	0
otu188	0	0	0	0	0	0	0	0	0	0	0	0	0	0	3	0	0	0	3	16	0	0
otu189	0	0	0	0	0	0	0	1	0	0	7	0	0	23	0	0	3	0	0	0	0	0
otu190	0	0	0	0	0	0	0	0	29	0	0	0	0	0	0	0	0	0	0	0	0	0
otu191	0	2	0	12	0	13	0	0	0	0	0	0	0	0	0	0	0	0	0	0	0	0
otu192	0	0	0	0	0	0	0	0	0	0	0	0	0	0	1	6	0	0	5	6	0	1
otu193	6	0	0	1	0	0	13	0	0	2	0	0	0	0	0	0	0	0	0	0	0	0
otu194	0	0	0	0	0	0	0	23	0	0	1	13	0	1	0	0	0	0	0	0	0	0
otu195	0	0	0	9	0	2	0	0	0	0	0	0	23	0	0	0	0	0	0	0	0	0
otu196	19	0	0	0	0	0	0	0	0	0	0	0	0	0	0	0	0	0	0	0	0	0
otu197	0	0	0	0	0	0	0	0	0	0	0	0	0	0	0	0	0	0	0	0	18	0
otu198	0	0	0	20	0	2	3	0	0	0	0	0	0	0	0	0	0	1	0	0	0	0
otu199	0	0	0	0	0	0	0	0	25	0	0	0	0	1	0	0	0	0	0	0	0	0
otu200	0	0	0	0	0	0	0	3	0	0	6	1	11	2	0	0	9	0	0	0	0	0
otu201	0	0	0	0	0	9	0	0	0	0	0	0	0	0	0	0	0	12	0	0	0	0
otu202	0	0	0	0	0	0	0	0	0	0	0	0	0	0	0	0	32	0	0	0	0	0
otu203	0	28	0	0	0	0	0	0	0	0	0	0	0	0	0	0	0	0	0	0	0	0
otu204	0	0	0	6	4	2	0	0	10	2	0	0	0	0	0	0	0	0	0	0	0	0
otu205	0	0	0	0	0	0	0	15	0	0	4	0	1	13	0	0	0	0	0	0	0	0
otu206	0	0	0	0	0	0	0	17	0	0	2	0	16	0	0	0	0	0	0	0	0	0
otu207	0	0	0	3	0	8	0	0	0	12	0	0	0	0	0	0	0	0	0	0	0	0
otu208	0	0	0	0	0	0	0	0	0	0	0	0	0	0	0	0	0	0	0	21	0	0
otu209	0	0	0	4	6	1	7	0	0	5	0	0	0	0	0	0	0	0	0	0	0	0
otu210	0	0	0	0	0	0	0	14	0	0	2	9	9	0	0	0	0	0	0	0	0	0
otu211	0	0	0	0	0	0	0	0	0	26	0	0	0	0	0	0	0	0	0	0	0	0
otu212	0	0	0	0	0	0	0	0	0	0	0	0	0	0	0	0	0	0	0	20	0	0
otu213	0	0	0	0	7	1	0	0	0	17	0	0	0	0	0	0	0	0	0	0	0	0
otu214	0	0	0	0	0	0	0	0	0	0	0	0	0	0	0	0	31	0	0	0	0	0
otu215	0	0	0	0	2	2	18	0	0	0	0	0	0	0	0	0	0	0	0	0	0	0
otu216	0	0	0	10	15	0	0	0	0	0	0	0	0	0	0	0	0	0	0	0	0	0
otu217	0	0	0	2	10	8	2	0	0	0	0	0	0	0	0	0	0	0	0	0	0	0
otu218	0	0	0	0	0	0	0	4	0	0	18	6	0	0	0	0	1	0	0	0	0	0
otu219	0	0	0	0	0	0	0	7	0	0	0	5	12	5	0	0	2	0	0	0	0	0
otu220	0	0	6	2	3	10	0	0	2	0	0	0	0	0	0	0	0	0	0	0	0	0
otu221	0	0	0	0	0	0	0	0	0	0	0	0	0	0	0	0	0	0	17	0	0	0
otu222	0	0	0	0	0	0	0	4	0	0	13	11	0	0	0	0	0	0	0	0	0	0
otu223	0	0	13	2	2	4	0	0	0	0	0	0	0	0	0	0	0	0	0	0	0	0
otu224	0	0	0	3	15	5	0	0	0	0	0	0	0	0	0	0	0	0	0	0	0	0
otu225	0	0	0	0	0	0	0	0	0	0	0	30	0	0	0	0	0	0	0	0	0	0
otu226	0	0	0	0	0	0	0	0	0	0	0	0	12	13	0	0	5	0	0	0	0	0
otu227	0	0	10	1	2	8	0	0	0	0	0	0	0	0	0	0	0	0	0	0	0	0
otu228	0	0	0	0	0	0	0	3	0	0	10	3	11	0	0	0	1	0	0	0	0	0
otu229	0	0	0	0	0	0	0	0	0	25	0	0	0	0	0	0	0	0	0	0	0	0
otu230	0	3	0	6	1	0	6	0	0	6	0	0	0	0	0	0	0	0	0	0	0	0
otu231	0	0	5	0	12	5	0	0	0	0	0	0	0	0	0	0	0	0	0	0	0	0
otu232	0	1	0	0	0	0	0	6	0	0	0	2	1	16	0	0	3	0	0	0	0	0
otu233	0	0	0	0	0	0	0	1	0	0	0	9	0	18	0	0	1	0	0	0	0	0
otu234	0	0	0	0	0	0	0	4	0	0	1	2	9	13	0	0	0	0	0	0	0	0
otu235	0	0	0	0	0	0	0	0	0	25	0	0	0	0	0	0	0	0	0	0	0	0
otu236	0	0	0	0	0	0	0	0	2	0	0	0	0	0	6	0	0	0	10	0	0	0
otu237	0	0	0	0	0	0	0	1	0	0	0	0	0	28	0	0	0	0	0	0	0	0
otu238	0	0	0	0	0	0	0	0	0	0	0	28	0	0	0	0	0	0	0	0	0	0
otu239	0	0	0	0	0	0	0	0	0	0	0	0	0	0	0	0	0	0	0	19	0	0
otu240	0	0	0	0	0	0	12	0	0	0	0	0	0	0	0	0	0	6	0	0	0	0
otu241	0	0	0	0	0	0	0	0	0	0	0	0	0	0	0	0	0	0	0	0	0	14
otu242	0	0	0	0	0	0	0	3	12	0	7	0	1	0	0	0	1	0	0	0	0	0
otu243	0	0	0	0	0	0	0	0	0	0	0	0	0	0	0	0	0	16	0	0	0	0
otu244	0	0	7	1	0	13	0	0	0	0	0	0	0	0	0	0	0	0	0	0	0	0
otu245	0	0	0	0	0	0	0	15	0	0	0	1	8	6	0	0	0	0	0	0	0	0
otu246	0	0	0	0	0	0	0	0	1	0	0	1	1	0	0	0	0	0	0	16	0	0
otu247	0	0	0	0	0	0	0	6	3	0	0	0	11	9	0	0	0	0	0	0	0	0
otu248	0	0	0	0	0	0	0	4	0	0	4	10	9	0	0	0	0	0	0	0	0	0
otu249	0	24	0	0	0	0	0	0	0	0	0	0	0	0	0	0	0	0	0	0	0	0
otu250	0	2	0	9	2	2	0	0	0	0	0	0	0	0	0	0	0	6	0	0	0	0
otu251	0	0	0	0	0	0	0	0	0	0	0	0	29	0	0	0	0	0	0	0	0	0
otu252	11	0	0	0	0	6	0	0	0	0	0	0	0	0	0	0	0	0	0	0	0	0
otu253	0	0	0	0	0	0	0	6	0	0	0	9	0	0	0	0	13	0	0	0	0	0
otu254	0	0	0	0	22	0	0	0	0	0	0	0	0	0	0	0	0	0	0	0	0	0
otu255	0	0	0	0	0	0	0	0	0	0	0	0	0	0	0	0	27	0	0	0	0	0
otu256	0	23	0	0	0	0	0	0	0	0	0	0	0	0	0	0	0	0	0	0	0	0
otu257	0	0	0	0	0	0	0	3	5	0	0	0	13	5	0	0	0	0	0	0	0	0
otu258	0	0	1	3	4	5	0	0	1	1	0	0	0	0	0	0	0	3	0	0	0	0
otu259	0	0	0	0	0	0	0	6	0	0	2	1	13	1	0	0	3	0	0	0	0	0
otu260	0	0	0	0	0	0	0	0	0	0	1	26	0	0	0	0	0	0	0	0	0	0
otu261	0	0	0	0	0	0	0	0	18	0	0	0	5	0	0	0	0	0	0	0	0	0
otu262	0	0	0	6	7	3	0	0	0	1	0	0	0	0	0	0	0	3	0	0	0	0
otu263	0	0	10	0	1	8	0	0	0	0	0	0	0	0	0	0	0	0	0	0	0	0
otu264	0	0	0	0	0	0	0	0	0	0	0	0	0	0	10	0	0	0	5	0	0	0
otu265	15	0	0	0	0	0	0	0	0	0	0	0	0	0	0	0	0	0	0	0	0	0
otu266	0	0	0	0	0	0	0	0	0	0	0	0	0	0	0	1	0	0	12	0	0	1
otu267	0	0	0	0	0	0	0	3	0	0	0	7	5	10	0	0	0	0	0	0	0	0
otu268	0	0	16	0	0	1	0	0	0	0	0	0	0	0	0	0	0	0	0	0	0	0
otu269	0	0	0	0	0	0	0	0	0	0	10	0	4	10	0	0	0	0	0	0	0	0
otu270	0	0	0	0	0	0	0	31	0	0	0	0	0	0	0	0	0	0	0	0	0	0
otu271	0	0	0	0	0	0	0	29	0	0	0	0	1	0	0	0	0	0	0	0	0	0
otu272	0	0	0	0	0	0	0	0	0	0	0	0	0	0	12	1	0	0	0	0	0	0
otu273	0	0	0	0	0	0	0	0	0	18	0	0	4	0	0	0	0	0	0	0	0	0
otu274	0	22	0	0	0	0	0	0	0	0	0	0	0	0	0	0	0	0	0	0	0	0
otu275	0	0	5	9	4	2	0	0	0	0	0	0	0	0	0	0	0	0	0	0	0	0
otu276	0	10	0	0	0	0	0	1	0	0	2	3	4	1	0	0	1	0	0	0	0	0
otu277	0	0	0	0	0	0	0	11	1	0	1	2	1	9	0	0	1	0	0	0	0	0
otu278	0	2	0	0	0	0	0	4	0	0	2	5	2	8	0	0	1	0	0	0	0	0
otu279	0	2	1	3	2	2	0	11	0	0	0	0	0	0	0	0	0	0	0	0	0	0
otu280	0	0	0	0	0	0	0	0	0	0	0	0	0	0	0	8	0	0	0	0	4	0
otu281	0	0	0	0	0	0	0	0	0	20	0	0	0	0	0	0	0	0	0	0	0	0
otu282	0	21	0	0	0	0	0	0	0	0	0	0	0	0	0	0	0	0	0	0	0	0
otu283	0	0	0	0	0	0	0	0	0	20	0	0	0	0	0	0	0	0	0	0	0	0
otu284	0	0	0	0	0	0	0	0	0	0	0	0	0	0	0	0	0	0	14	0	0	0
otu285	0	0	0	0	0	0	0	6	0	0	3	2	6	4	0	0	2	0	0	0	0	0
otu286	0	0	0	0	0	0	0	4	0	0	0	1	4	16	0	0	0	0	0	0	0	0
otu287	0	0	0	0	0	0	0	1	0	0	16	0	1	4	0	0	0	0	0	0	0	0
otu288	0	0	0	0	0	5	9	0	0	0	0	0	0	0	0	0	0	3	0	0	0	0
otu289	0	0	0	3	5	0	3	0	0	5	0	0	0	0	0	0	0	1	0	0	0	0
otu290	0	0	16	0	0	0	0	0	0	0	0	0	0	0	0	0	0	0	0	0	0	0
otu291	0	0	0	0	0	0	0	1	16	0	1	0	1	1	0	0	0	0	0	0	0	0
otu292	0	0	0	0	0	0	0	0	0	0	9	14	0	0	0	0	0	0	0	0	0	0
otu293	0	0	0	6	0	5	1	0	0	3	0	0	0	0	0	0	0	2	0	0	0	0
otu294	0	0	0	0	1	0	8	0	0	0	0	0	0	0	0	0	0	6	0	0	0	0
otu295	0	0	0	0	0	0	0	0	19	0	0	0	0	0	0	0	0	0	0	0	0	0
otu296	0	0	0	0	18	0	0	0	0	0	0	0	0	0	0	0	0	0	0	0	0	0
otu297	0	0	0	0	0	0	0	4	0	0	0	1	1	2	0	0	14	0	0	0	0	0
otu298	0	0	0	0	0	0	0	6	0	0	0	0	19	0	0	0	0	0	0	0	0	0
otu299	0	0	0	0	0	0	0	1	9	0	0	1	0	5	0	0	3	0	0	0	0	0
otu300	0	0	1	6	0	8	0	0	2	0	0	0	0	0	0	0	0	0	0	0	0	0
otu301	0	0	0	0	0	0	0	0	0	0	0	0	0	0	0	0	0	0	8	6	0	0
otu302	0	0	0	0	0	0	0	6	0	0	6	2	4	4	0	0	1	0	0	0	0	0
otu303	0	0	0	5	6	4	0	0	0	0	0	0	0	0	0	0	0	1	0	0	0	0
otu304	0	0	0	0	0	0	0	0	4	0	0	1	2	12	0	0	2	0	0	0	0	0
otu305	0	0	0	0	0	0	0	15	0	0	2	5	0	2	0	0	0	0	0	0	0	0
otu306	0	0	0	0	0	0	0	6	0	0	2	0	0	14	0	0	1	0	0	0	0	0
otu307	0	0	0	0	0	0	0	26	0	0	0	0	0	0	0	0	1	0	0	0	0	0
otu308	0	0	0	0	0	0	0	1	0	0	1	2	0	1	0	0	17	0	0	0	0	0
otu309	0	4	3	0	0	3	0	3	1	1	0	0	1	1	0	0	0	0	0	0	0	0
otu310	0	0	8	1	5	2	0	0	0	0	0	0	0	0	0	0	0	0	0	0	0	0
otu311	0	0	0	0	0	0	0	0	1	0	1	1	2	16	0	0	0	0	0	0	0	0
otu312	0	3	0	0	0	0	0	3	0	0	0	5	0	8	0	0	3	0	0	0	0	0
otu313	0	0	0	0	0	0	0	14	0	0	0	1	8	2	0	0	0	0	0	0	0	0
otu314	0	0	0	0	0	0	0	0	0	0	0	0	0	0	0	0	22	0	0	0	0	0
otu315	0	0	0	0	0	1	0	0	0	0	0	0	0	0	0	0	0	12	0	0	0	0
otu316	0	0	0	0	0	0	0	1	12	0	0	0	5	0	0	0	0	0	0	0	0	0
otu317	0	0	0	0	0	0	0	0	0	0	0	0	0	0	0	12	0	0	0	0	0	0
otu318	0	19	0	0	0	0	0	0	0	0	0	0	0	0	0	0	0	0	0	0	0	0
otu319	0	19	0	0	0	0	0	0	0	0	0	0	0	0	0	0	0	0	0	0	0	0
otu320	0	0	0	0	0	0	0	0	18	0	0	0	0	0	0	0	0	0	0	0	0	0
otu321	0	19	0	0	0	0	0	0	0	0	0	0	0	0	0	0	0	0	0	0	0	0
otu322	0	0	0	0	0	0	0	1	0	0	4	14	0	1	0	0	0	0	0	0	0	0
otu323	0	0	0	0	0	0	0	3	4	0	1	2	8	1	0	0	1	0	0	0	0	0
otu324	0	0	0	0	0	0	0	0	0	0	0	0	0	0	0	0	22	0	0	0	0	0
otu325	0	0	0	0	0	0	0	3	6	0	0	0	1	5	0	0	5	0	0	0	0	0
otu326	0	0	0	0	0	0	0	14	0	0	1	1	5	2	0	0	0	0	0	0	0	0
otu327	0	0	0	2	2	1	9	0	0	0	0	0	0	0	0	0	0	1	0	0	0	0
otu328	0	0	0	0	0	0	0	0	0	0	0	3	0	18	0	0	0	0	0	0	0	0
otu329	0	0	0	0	0	0	0	0	0	1	0	0	0	0	0	0	0	0	10	1	0	0
otu330	0	0	0	0	0	0	0	0	0	0	0	0	0	0	0	0	22	0	0	0	0	0
otu331	0	0	10	0	1	4	0	0	0	0	0	0	0	0	0	0	0	0	0	0	0	0
otu332	0	0	0	0	0	0	0	0	0	0	0	0	1	20	0	0	0	0	0	0	0	0
otu333	0	0	0	0	0	0	0	0	14	0	1	2	0	0	0	0	0	0	0	0	0	0
otu334	0	0	0	0	0	0	0	0	0	0	0	0	0	0	0	9	0	0	3	0	0	0
otu335	0	0	0	0	0	0	0	0	0	0	0	0	0	0	0	0	0	0	12	0	0	0
otu336	0	0	0	0	0	0	14	0	0	0	0	0	0	0	0	0	0	0	0	0	0	0
otu337	0	0	4	2	0	9	0	0	0	0	0	0	0	0	0	0	0	0	0	0	0	0
otu338	0	0	0	5	0	3	0	0	0	0	0	0	0	0	0	0	0	5	0	0	0	0
otu339	12	0	0	0	0	0	0	0	0	0	0	0	0	0	0	0	0	0	0	0	0	0
otu340	0	0	0	0	10	6	0	0	0	0	0	0	0	0	0	0	0	0	0	0	0	0
otu341	0	0	0	13	0	0	0	0	4	0	0	0	0	0	0	0	0	0	0	0	0	0
otu342	0	0	0	0	0	0	0	0	0	0	15	2	0	1	0	0	0	0	0	0	0	0
otu343	0	0	0	0	0	0	12	0	0	1	0	0	0	0	0	0	0	0	0	0	0	0
otu344	0	0	0	0	0	0	0	0	0	0	0	0	0	0	0	0	0	0	0	13	0	0
otu345	0	0	0	0	0	0	0	6	0	0	2	3	0	6	0	0	2	0	0	0	0	0
otu346	0	0	0	0	0	0	0	4	0	0	0	0	5	12	0	0	0	0	0	0	0	0
otu347	4	0	0	4	0	0	4	0	0	0	0	0	0	0	0	0	0	0	0	0	0	0
otu348	0	0	4	1	0	10	0	0	0	0	0	0	0	0	0	0	0	0	0	0	0	0
otu349	0	0	0	0	0	0	0	4	0	0	0	1	4	6	0	0	5	0	0	0	0	0
otu350	0	0	0	0	0	0	0	1	0	0	7	3	4	4	0	0	0	0	0	0	0	0
otu351	0	0	0	1	4	0	2	0	0	0	0	0	1	0	0	0	0	5	0	0	0	0
otu352	0	1	0	0	0	0	0	6	0	0	1	2	2	8	0	0	0	0	0	0	0	0
otu353	0	0	0	0	0	0	0	0	0	17	0	0	0	0	0	0	0	0	0	0	0	0
otu354	0	0	0	4	5	5	0	0	1	0	0	0	0	0	0	0	0	0	0	0	0	0
otu355	0	0	0	0	14	0	0	0	0	0	1	0	1	0	0	0	0	0	0	0	0	0
otu356	0	0	0	0	0	0	0	0	0	0	0	0	0	0	0	0	0	0	11	0	0	0
otu357	0	0	0	0	0	0	0	0	0	16	0	0	0	0	0	0	0	0	0	0	0	0
otu358	0	0	0	0	0	0	13	0	0	0	0	0	0	0	0	0	0	0	0	0	0	0
otu359	0	0	0	0	0	15	0	0	0	0	0	0	0	0	0	0	0	0	0	0	0	0
otu360	0	0	0	0	0	0	0	12	0	0	0	6	2	0	0	0	0	0	0	0	0	0
otu361	0	0	0	0	0	0	0	0	1	0	0	3	0	14	0	0	0	0	0	0	0	0
otu362	0	16	0	0	0	0	0	0	0	0	0	0	0	0	0	0	0	0	0	0	0	0
otu363	0	0	0	0	0	0	12	0	0	0	0	0	0	0	0	0	0	0	0	0	0	0
otu364	0	0	0	0	0	0	0	0	0	0	0	0	0	0	0	0	0	0	0	0	10	0
otu365	0	0	0	0	0	0	0	0	16	0	0	0	0	0	0	0	0	0	0	0	0	0
otu366	9	0	0	0	2	0	0	0	0	0	0	0	0	0	0	0	0	0	0	0	0	0
otu367	0	2	0	0	0	0	0	0	0	0	0	0	0	0	0	9	0	0	0	0	0	0
otu368	0	0	0	0	0	0	0	3	9	0	0	0	1	2	0	0	1	0	0	0	0	0
otu369	0	0	0	0	0	0	0	4	0	0	0	0	2	4	0	0	9	0	0	0	0	0
otu370	0	1	4	3	2	4	0	0	0	0	0	0	0	0	0	0	0	0	0	0	0	0
otu371	0	0	0	0	0	0	0	0	2	0	13	1	0	0	0	0	1	0	0	0	0	0
otu372	0	0	0	1	0	0	8	0	4	0	0	0	0	0	0	0	0	0	0	0	0	0
otu373	0	0	0	0	0	0	0	3	1	0	0	0	1	0	0	0	0	0	1	6	0	0
otu374	0	0	0	0	0	0	0	0	16	0	0	0	0	0	0	0	0	0	0	0	0	0
otu375	0	0	0	0	15	0	0	0	0	0	0	0	0	0	0	0	0	0	0	0	0	0
otu376	0	0	0	0	0	0	0	3	11	0	1	0	0	1	0	0	0	0	0	0	0	0
otu377	0	0	0	0	0	0	0	9	0	0	0	7	0	2	0	0	1	0	0	0	0	0
otu378	0	0	0	0	6	7	0	0	2	0	0	0	0	0	0	0	0	0	0	0	0	0
otu379	0	0	0	6	3	0	0	0	3	2	0	0	0	0	0	0	0	0	0	0	0	0
otu380	0	0	0	0	0	0	0	0	0	0	0	0	0	0	11	0	0	0	0	0	0	0
otu381	0	0	0	0	0	0	0	0	0	3	0	0	0	0	0	7	0	0	0	0	0	0
otu382	0	0	0	0	0	0	0	0	0	0	0	0	0	0	0	0	0	0	0	12	0	0
otu383	0	0	0	0	0	0	0	0	0	0	0	0	19	0	0	0	0	0	0	0	0	0
otu384	0	0	0	1	1	8	0	0	0	3	0	0	0	0	0	0	0	0	0	0	0	0
otu385	0	0	12	0	0	0	0	0	0	0	0	0	0	0	0	0	0	0	0	0	0	0
otu386	0	0	0	0	14	0	0	0	0	0	0	0	0	0	0	0	0	0	0	0	0	0
otu387	0	0	0	0	0	0	0	0	0	15	0	0	0	0	0	0	0	0	0	0	0	0
otu388	0	0	0	0	0	0	0	0	0	0	0	0	0	0	0	0	0	0	0	12	0	0
otu389	0	0	4	0	6	1	0	0	0	0	0	0	0	0	0	0	0	1	0	0	0	0
otu390	0	0	0	0	0	0	0	3	0	0	1	1	1	12	0	0	0	0	0	0	0	0
otu391	0	0	0	0	1	0	9	0	0	2	0	0	0	0	0	0	0	0	0	0	0	0
otu392	0	0	0	0	0	0	0	3	0	0	0	0	4	0	0	0	11	0	0	0	0	0
otu393	0	0	0	0	0	0	0	0	0	0	0	0	0	0	0	0	18	0	0	0	0	0
otu394	0	15	0	0	0	0	0	0	0	0	0	0	0	0	0	0	0	0	0	0	0	0
otu395	0	0	0	0	0	0	0	0	0	15	0	0	0	0	0	0	0	0	0	0	0	0
otu396	0	0	0	0	0	0	0	3	0	0	1	2	1	10	0	0	0	0	0	0	0	0
otu397	0	15	0	0	0	0	0	0	0	0	0	0	0	0	0	0	0	0	0	0	0	0
otu398	0	0	5	3	0	1	3	0	0	0	0	0	0	0	0	0	0	0	0	0	0	0
otu399	0	0	0	0	0	0	0	14	0	0	4	0	0	1	0	0	0	0	0	0	0	0
otu400	0	0	0	0	0	0	0	1	9	2	0	0	2	0	0	0	0	0	0	0	0	0
otu401	0	0	0	0	0	0	0	3	0	0	2	5	4	4	0	0	0	0	0	0	0	0
otu402	0	0	0	0	0	0	0	0	0	1	0	1	0	0	0	0	0	0	3	6	0	0
otu403	0	0	0	0	0	0	0	1	0	0	0	1	0	16	0	0	0	0	0	0	0	0
otu404	0	0	0	2	1	1	8	0	0	0	0	0	0	0	0	0	0	0	0	0	0	0
otu405	0	0	1	3	2	4	0	0	2	1	0	0	0	0	0	0	0	0	0	0	0	0
otu406	0	0	0	0	0	0	0	0	2	0	7	1	0	0	0	0	6	0	0	0	0	0
otu407	0	0	0	0	0	0	0	0	0	0	0	0	0	0	8	0	0	0	1	0	0	0
otu408	0	0	0	0	1	0	0	6	4	0	0	1	1	1	0	0	2	0	0	0	0	0
otu409	0	0	0	6	0	0	5	0	1	1	0	0	0	0	0	0	0	0	0	0	0	0
otu410	0	0	0	0	0	0	0	3	0	0	0	1	6	8	0	0	0	0	0	0	0	0
otu411	0	0	0	3	1	7	1	0	0	0	0	0	0	0	0	0	0	0	0	0	0	0
otu412	0	0	0	0	0	0	0	0	0	0	0	0	0	0	7	0	0	0	3	0	0	0
otu413	0	0	0	0	0	0	0	4	2	0	0	0	5	4	0	0	2	0	0	0	0	0
otu414	0	0	0	0	0	0	0	3	0	0	6	1	1	1	0	0	5	0	0	0	0	0
otu415	0	0	0	13	1	0	0	0	0	0	0	0	0	0	0	0	0	0	0	0	0	0
otu416	0	0	0	0	1	12	0	0	0	0	0	0	0	0	0	0	0	0	0	0	0	0
otu417	0	0	0	0	13	0	0	0	0	0	0	0	0	0	0	0	0	0	0	0	0	0
otu418	0	0	0	0	13	0	0	0	0	0	0	0	0	0	0	0	0	0	0	0	0	0
otu419	0	0	0	0	0	0	0	0	0	0	4	2	4	1	0	0	3	0	0	0	0	0
otu420	0	0	0	0	0	0	0	0	0	0	0	0	0	0	0	0	0	0	10	0	0	0
otu421	0	0	0	0	7	3	2	0	0	0	0	0	0	0	0	0	0	0	0	0	0	0
otu422	0	0	0	0	0	0	0	0	0	14	0	0	0	0	0	0	0	0	0	0	0	0
otu423	0	0	0	0	0	0	0	0	0	0	2	0	0	14	0	0	0	0	0	0	0	0
otu424	0	14	0	0	0	0	0	0	0	0	0	0	0	0	0	0	0	0	0	0	0	0
otu425	9	0	0	0	0	0	0	0	0	0	0	0	0	0	0	0	0	0	0	0	0	0
otu426	0	0	0	0	0	0	0	0	0	0	0	0	0	0	0	0	17	0	0	0	0	0
otu427	0	0	0	0	0	0	0	0	0	0	15	0	0	0	0	0	0	0	0	0	0	0
otu428	0	0	0	0	0	0	0	0	0	0	0	0	0	0	0	0	17	0	0	0	0	0
otu429	0	0	0	0	0	0	0	0	0	0	0	0	0	0	9	0	0	0	0	0	0	0
otu430	0	0	0	3	10	0	0	0	0	0	0	0	0	0	0	0	0	0	0	0	0	0
otu431	0	0	0	0	0	0	0	0	0	0	0	0	0	0	9	0	0	0	0	0	0	0
otu432	0	0	0	0	0	0	0	0	0	0	15	0	0	0	0	0	0	0	0	0	0	0
otu433	0	0	0	0	0	0	0	11	0	0	0	6	1	0	0	0	0	0	0	0	0	0
otu434	0	0	0	0	0	0	0	0	0	0	2	0	12	2	0	0	0	0	0	0	0	0
otu435	0	0	0	2	2	0	7	0	0	0	0	0	0	0	0	0	0	0	0	0	0	0
otu436	0	0	0	0	0	0	0	0	0	14	0	0	0	0	0	0	0	0	0	0	0	0
otu437	0	0	0	0	0	0	0	9	0	0	0	1	4	2	0	0	1	0	0	0	0	0
otu438	0	1	0	0	0	0	0	6	0	0	3	1	1	4	0	0	0	0	0	0	0	0
otu439	3	0	0	2	0	1	2	0	0	0	0	0	0	0	0	0	0	2	0	0	0	0
otu440	0	0	0	0	0	0	9	0	0	1	0	0	0	0	0	0	0	0	0	0	0	0
otu441	0	0	0	0	0	0	0	6	0	0	2	0	8	0	0	0	1	0	0	0	0	0
otu442	0	0	0	0	0	0	0	17	0	0	0	0	0	2	0	0	0	0	0	0	0	0
otu443	0	0	0	6	3	3	0	0	0	0	0	0	0	0	0	0	0	0	0	0	0	0
otu444	0	0	0	0	0	0	0	6	0	0	2	5	2	0	0	0	1	0	0	0	0	0
otu445	0	0	5	2	1	4	0	0	0	0	0	0	0	0	0	0	0	0	0	0	0	0
otu446	0	0	0	0	0	0	0	0	0	0	0	0	0	0	3	0	0	0	7	0	0	0
otu447	0	0	0	0	0	0	0	0	0	0	0	0	0	0	5	0	0	0	4	0	0	0
otu448	0	0	2	3	0	1	1	0	0	4	0	0	0	0	0	0	0	0	0	0	0	0
otu449	0	0	0	0	0	0	0	0	0	0	0	0	0	0	0	0	0	0	0	10	0	0
otu450	0	11	0	0	0	0	0	0	0	0	2	0	0	0	0	0	0	0	0	0	0	0
otu451	0	0	0	0	0	0	0	0	0	0	9	5	0	0	0	0	0	0	0	0	0	0
otu452	0	0	0	0	2	0	9	0	0	0	0	0	0	0	0	0	0	0	0	0	0	0
otu453	0	0	0	0	1	10	0	1	0	0	0	0	0	0	0	0	0	0	0	0	0	0
otu454	0	0	0	0	0	0	0	0	0	0	0	0	0	0	0	0	0	0	0	0	8	0
otu455	0	0	10	0	0	0	0	0	0	0	0	0	0	0	0	0	0	0	0	0	0	0
otu456	0	0	0	0	0	0	0	0	0	0	0	0	0	0	0	0	0	0	0	0	8	0
otu457	0	0	1	2	3	2	0	0	0	3	0	0	0	0	0	0	0	0	0	0	0	0
otu458	0	0	0	0	0	0	0	1	0	0	3	0	5	1	0	0	3	0	0	0	0	0
otu459	0	0	0	0	0	0	0	0	0	0	4	3	0	6	0	0	0	0	0	0	0	0
otu460	0	12	0	0	0	0	0	0	0	0	0	0	1	0	0	0	0	0	0	0	0	0
otu461	0	0	0	0	0	0	0	18	0	0	0	0	0	0	0	0	0	0	0	0	0	0
otu462	0	0	0	2	1	2	3	0	0	0	0	0	0	0	0	0	0	2	0	0	0	0
otu463	0	0	0	0	0	0	0	0	0	0	0	0	0	0	0	0	0	0	9	0	0	0
otu464	0	0	0	0	0	0	0	0	0	13	0	0	0	0	0	0	0	0	0	0	0	0
otu465	0	0	0	0	0	0	0	0	0	0	0	15	0	0	0	0	0	0	0	0	0	0
otu466	0	13	0	0	0	0	0	0	0	0	0	0	0	0	0	0	0	0	0	0	0	0
otu467	0	0	0	0	12	0	0	0	0	0	0	0	0	0	0	0	0	0	0	0	0	0
otu468	0	0	0	0	0	0	0	0	12	0	0	0	0	0	0	0	0	0	0	0	0	0
otu469	0	0	0	0	0	0	0	0	0	0	0	0	0	0	0	0	0	0	0	0	8	0
otu470	0	0	0	0	0	0	0	1	0	0	0	3	1	4	0	0	5	0	0	0	0	0
otu471	7	0	0	0	0	0	1	0	0	0	0	0	0	0	0	0	0	0	0	0	0	0
otu472	9	0	0	0	0	0	0	0	0	0	0	0	0	0	0	0	0	0	0	0	0	0
otu473	0	0	0	0	0	0	0	0	0	13	0	0	0	0	0	0	0	0	0	0	0	0
otu474	0	0	0	1	0	9	0	0	2	0	0	0	0	0	0	0	0	0	0	0	0	0
otu475	0	0	0	3	2	0	5	0	0	0	0	0	0	0	0	0	0	0	0	0	0	0
otu476	0	0	0	0	0	0	0	0	0	0	0	0	0	0	0	0	0	0	3	6	0	0
otu477	0	0	0	0	0	0	0	0	1	0	10	2	0	0	0	0	0	0	0	0	0	0
otu478	0	0	0	0	0	0	0	0	0	0	0	0	0	0	0	0	15	0	0	0	0	0
otu479	0	0	0	5	2	1	3	0	0	0	0	0	0	0	0	0	0	0	0	0	0	0
otu480	0	0	0	1	1	1	8	0	0	0	0	0	0	0	0	0	0	0	0	0	0	0
otu481	0	0	0	0	0	0	0	4	0	0	1	1	8	0	0	0	1	0	0	0	0	0
otu482	0	0	0	0	0	0	0	3	0	0	1	6	1	2	0	0	1	0	0	0	0	0
otu483	0	0	0	1	0	4	5	0	0	0	0	0	0	0	0	0	0	0	0	0	0	0
otu484	0	0	0	0	0	0	0	0	0	0	7	3	0	0	0	1	1	0	0	0	0	0
otu485	0	0	0	0	0	0	0	0	0	0	4	10	0	0	0	0	0	0	0	0	0	0
otu486	0	0	0	0	0	0	0	3	0	0	2	2	0	8	0	0	0	0	0	0	0	0
otu487	0	0	0	0	0	0	0	1	3	0	2	2	0	1	0	0	3	0	0	0	0	0
otu488	0	0	0	0	0	2	0	0	0	0	1	0	0	0	0	3	0	0	0	0	0	2
otu489	0	0	0	0	0	0	0	1	0	0	4	0	8	1	0	0	0	0	0	0	0	0
otu490	0	0	0	6	4	1	0	0	0	0	0	0	0	0	0	0	0	0	0	0	0	0
otu491	0	0	0	10	3	0	0	0	0	0	0	0	0	0	0	0	0	0	0	0	0	0
otu492	0	0	0	0	0	0	0	1	0	0	0	5	1	8	0	0	0	0	0	0	0	0
otu493	0	0	0	0	0	0	0	1	2	0	1	0	1	2	0	0	6	0	0	0	0	0
otu494	0	0	0	3	9	0	0	0	0	0	0	0	0	0	0	0	0	0	0	0	0	0
otu495	0	13	0	0	0	0	0	0	0	0	0	0	0	0	0	0	0	0	0	0	0	0
otu496	0	0	0	0	0	0	0	0	0	0	0	0	0	0	9	0	0	0	0	0	0	0
otu497	0	0	0	0	0	0	0	0	0	0	0	0	0	0	4	0	0	0	3	0	0	0
otu498	0	0	0	0	0	0	0	0	0	0	0	0	0	0	8	0	0	0	0	0	0	0
otu499	0	0	0	0	0	0	0	7	0	0	2	0	5	0	0	0	1	0	0	0	0	0
otu500	0	0	0	0	0	0	0	4	0	0	0	0	12	0	0	0	0	0	0	0	0	0
otu501	0	0	0	0	0	0	0	0	0	0	0	0	0	0	2	0	0	0	1	6	0	0
otu502	0	0	0	0	0	0	0	1	0	0	4	3	2	1	0	0	0	0	0	0	0	0
otu503	0	0	0	0	0	0	0	1	0	0	0	0	0	1	0	0	0	0	0	7	0	0
otu504	0	0	0	0	0	11	0	0	0	0	0	0	0	0	0	0	0	0	0	0	0	0
otu505	0	0	0	0	0	0	0	0	0	0	0	0	6	8	0	0	0	0	0	0	0	0
otu506	0	11	0	1	0	0	0	0	0	0	0	0	0	0	0	0	0	0	0	0	0	0
otu507	0	0	0	0	0	0	0	0	0	11	0	0	0	0	0	0	0	0	0	0	0	0
otu508	0	0	0	0	0	0	0	0	0	0	10	2	0	0	0	0	0	0	0	0	0	0
otu509	0	4	0	0	0	0	0	0	0	7	0	0	0	0	0	0	0	0	0	0	0	0
otu510	0	0	0	0	0	0	0	0	0	0	0	0	0	0	0	0	0	0	1	7	0	0
otu511	0	0	0	0	0	11	0	0	0	0	0	0	0	0	0	0	0	0	0	0	0	0
otu512	0	0	0	0	0	0	0	0	0	0	0	0	0	0	0	0	0	0	0	9	0	0
otu513	0	0	0	0	0	2	0	0	0	0	0	0	0	0	0	0	0	6	0	0	0	0
otu514	0	0	0	0	0	0	0	0	0	0	0	0	0	0	6	0	0	0	0	2	0	0
otu515	0	0	0	0	0	0	0	0	0	0	0	0	0	0	0	0	0	0	0	9	0	0
otu516	0	0	0	0	0	0	0	0	0	0	0	0	0	0	0	0	0	0	0	9	0	0
otu517	0	0	0	0	0	0	0	7	0	0	0	0	0	8	0	0	0	0	0	0	0	0
otu518	0	0	0	0	0	0	0	0	0	12	0	0	0	0	0	0	0	0	0	0	0	0
otu519	0	1	0	0	0	0	0	0	0	0	0	11	0	0	0	0	1	0	0	0	0	0
otu520	0	0	0	0	3	5	0	0	3	0	0	0	0	0	0	0	0	0	0	0	0	0
otu521	0	0	0	0	0	0	0	1	0	0	9	1	1	0	0	0	0	0	0	0	0	0
otu522	0	0	0	0	0	0	0	15	0	0	0	1	0	0	0	0	0	0	0	0	0	0
otu523	0	0	0	0	0	0	0	0	0	0	0	0	0	14	0	0	0	0	0	0	0	0
otu524	0	0	7	1	1	0	0	0	0	0	0	0	0	0	0	0	0	0	0	0	0	0
otu525	0	0	0	0	0	0	0	0	0	0	0	6	0	6	0	0	1	0	0	0	0	0
otu526	0	0	0	0	0	0	0	0	0	0	0	0	0	0	0	0	14	0	0	0	0	0
otu527	0	0	0	0	0	0	0	0	0	0	0	0	0	0	0	0	0	0	0	9	0	0
otu528	0	0	0	0	0	0	0	4	0	0	0	1	5	2	0	0	1	0	0	0	0	0
otu529	0	0	0	0	0	0	0	3	0	0	0	6	0	5	0	0	0	0	0	0	0	0
otu530	0	2	0	0	0	0	0	0	4	0	1	1	0	4	0	0	0	0	0	0	0	0
otu531	0	0	9	0	0	0	0	0	0	0	0	0	0	0	0	0	0	0	0	0	0	0
otu532	0	0	0	1	3	0	1	0	5	0	0	0	0	0	0	0	0	0	0	0	0	0
otu533	0	2	0	0	0	0	0	1	0	0	1	2	0	5	0	0	1	0	0	0	0	0
otu534	0	0	0	2	1	4	0	0	0	0	0	0	0	0	0	0	0	2	0	0	0	0
otu535	0	0	0	0	0	0	0	0	0	12	0	0	0	0	0	0	0	0	0	0	0	0
otu536	0	0	0	0	0	0	0	0	0	0	0	0	0	0	0	0	0	0	0	0	6	0
otu537	0	0	0	0	0	0	0	1	1	0	0	0	0	0	0	0	9	0	0	1	0	0
otu538	0	0	0	0	0	0	0	3	0	0	2	1	1	5	0	0	1	0	0	0	0	0
otu539	0	0	0	0	0	0	0	1	0	0	3	0	0	8	0	0	1	0	0	0	0	0
otu540	0	0	0	0	0	0	0	0	7	0	0	1	0	2	0	0	1	0	0	0	0	0
otu541	0	0	0	3	1	6	0	0	1	0	0	0	0	0	0	0	0	0	0	0	0	0
otu542	0	0	0	0	0	0	0	4	0	4	0	0	4	0	0	0	1	0	0	0	0	0
otu543	0	0	0	6	0	2	0	0	0	2	0	0	0	0	0	0	0	0	0	0	0	0
otu544	0	0	0	0	0	0	0	3	0	0	1	2	2	2	0	0	2	0	0	0	0	0
otu545	0	2	2	2	1	2	0	0	0	1	0	0	0	0	0	0	0	0	0	0	0	0
otu546	0	0	0	0	0	0	0	1	1	0	1	2	2	4	0	0	1	0	0	0	0	0
otu547	0	0	0	0	0	0	0	3	1	0	2	1	2	0	0	0	3	0	0	0	0	0
otu548	0	0	0	0	0	0	0	0	0	0	0	0	0	0	0	0	0	0	2	6	0	0
otu549	0	0	0	0	0	0	0	6	0	0	0	5	0	4	0	0	0	0	0	0	0	0
otu550	0	0	0	4	0	2	2	0	0	0	0	1	1	0	0	0	0	0	0	0	0	0
otu551	0	0	0	1	0	0	0	0	0	11	0	0	0	0	0	0	0	0	0	0	0	0
otu552	0	0	0	0	0	0	0	0	0	0	0	1	0	0	7	0	0	0	0	0	0	0
otu553	0	0	0	0	0	0	0	0	0	0	0	0	0	0	0	8	0	0	0	0	0	0
otu554	0	0	4	1	2	3	0	0	0	0	0	0	0	0	0	0	0	0	0	0	0	0
otu555	0	0	0	5	0	6	0	0	0	0	0	0	0	0	0	0	0	0	0	0	0	0
otu556	0	0	0	0	0	0	0	0	0	0	0	0	0	0	0	0	0	0	7	0	0	0
otu557	0	0	3	0	0	1	4	0	0	0	0	0	0	0	0	0	0	0	0	0	0	0
otu558	0	0	3	0	1	5	0	0	0	0	0	0	0	0	0	0	0	0	0	0	0	0
otu559	0	0	7	0	0	0	1	0	0	0	0	0	0	0	0	0	0	0	0	0	0	0
otu560	0	0	0	0	0	10	0	0	0	0	0	0	0	0	0	0	0	0	0	0	0	0
otu561	0	0	0	0	0	0	0	0	0	0	0	0	4	2	0	0	0	0	0	4	0	0
otu562	0	0	0	0	0	0	0	0	0	0	0	0	0	0	0	0	0	0	0	7	0	0
otu563	0	0	0	0	0	0	0	0	0	0	0	0	0	0	0	0	0	0	0	8	0	0
otu564	0	0	0	0	0	0	0	1	0	0	0	6	0	0	0	0	5	0	0	0	0	0
otu565	0	0	0	0	0	0	0	3	0	0	0	0	6	1	0	0	2	0	0	0	0	0
otu566	0	0	0	0	0	0	0	4	4	0	0	0	1	1	0	0	1	0	0	0	0	0
otu567	1	0	0	0	1	0	0	0	0	1	0	0	0	0	0	0	0	3	0	0	0	0
otu568	0	1	0	0	0	0	0	0	1	7	0	0	1	0	0	0	0	0	0	0	0	0
otu569	0	0	0	0	0	0	8	0	0	0	0	0	0	0	0	0	0	0	0	0	0	0
otu570	0	0	0	0	0	0	0	7	0	0	0	6	0	0	0	0	0	0	0	0	0	0
otu571	0	0	0	0	0	0	9	0	0	0	0	0	0	0	0	0	0	0	0	0	0	0
otu572	0	0	0	0	0	0	0	7	0	0	2	3	0	0	0	0	0	0	0	0	0	0
otu573	0	0	0	0	0	0	0	0	0	0	4	6	0	1	0	0	0	0	0	0	0	0
otu574	0	0	0	1	2	7	0	0	0	0	0	0	0	0	0	0	0	0	0	0	0	0
otu575	0	0	0	0	0	0	0	0	0	0	0	0	0	0	0	0	13	0	0	0	0	0
otu576	0	0	0	0	0	0	0	0	0	0	0	1	0	0	0	0	11	0	0	0	0	0
otu577	0	0	0	0	0	0	0	0	0	0	0	1	0	0	0	0	11	0	0	0	0	0
otu578	0	0	0	0	0	0	0	0	7	0	0	2	1	0	0	0	0	0	0	0	0	0
otu579	0	0	0	0	0	0	0	0	0	11	0	0	0	0	0	0	0	0	0	0	0	0
otu580	0	0	8	0	0	0	0	0	0	0	0	0	0	0	0	0	0	0	0	0	0	0
otu581	0	2	0	0	0	0	0	0	0	0	3	2	0	4	0	0	0	0	0	0	0	0
otu582	0	0	0	0	0	0	0	0	0	11	0	0	0	0	0	0	0	0	0	0	0	0
otu583	0	0	0	0	0	0	0	0	0	0	6	5	1	0	0	0	0	0	0	0	0	0
otu584	0	0	0	0	0	0	0	3	0	0	0	1	8	1	0	0	0	0	0	0	0	0
otu585	0	0	0	0	0	0	0	4	0	0	1	2	4	0	0	0	1	0	0	0	0	0
otu586	0	0	0	0	0	0	0	3	0	0	6	3	0	0	0	0	0	0	0	0	0	0
otu587	0	1	0	3	3	1	1	0	0	0	0	0	0	0	0	0	0	0	0	0	0	0
otu588	0	0	0	0	0	0	0	0	0	11	0	0	0	0	0	0	0	0	0	0	0	0
otu589	0	0	0	0	0	0	0	1	0	0	6	2	1	1	0	0	0	0	0	0	0	0
otu590	0	0	0	0	10	0	0	0	0	0	0	0	0	0	0	0	0	0	0	0	0	0
otu591	0	0	0	2	0	1	0	0	0	0	0	0	0	0	0	0	0	4	0	0	0	0
otu592	0	0	0	0	0	0	0	3	0	0	0	0	1	8	0	0	1	0	0	0	0	0
otu593	0	0	0	0	0	0	0	1	0	0	1	10	0	0	0	0	0	0	0	0	0	0
otu594	0	0	0	0	2	7	0	0	0	0	0	0	0	0	0	0	0	0	0	0	0	0
otu595	0	0	0	0	0	0	0	0	0	0	0	0	0	0	4	0	0	0	2	0	0	0
otu596	0	0	0	0	0	0	0	0	1	0	0	0	0	0	0	0	0	0	2	5	0	0
otu597	0	0	0	2	5	0	0	0	0	3	0	0	0	0	0	0	0	0	0	0	0	0
otu598	0	0	0	0	0	0	0	0	0	0	0	0	0	0	0	0	0	7	0	0	0	0
otu599	0	0	0	0	0	0	0	4	0	0	3	0	1	1	0	0	0	0	0	1	0	0
otu600	0	0	1	0	0	3	0	0	5	0	0	0	0	0	0	0	0	0	0	0	0	0
otu601	0	0	0	2	0	0	0	0	0	0	6	1	0	2	0	0	0	0	0	0	0	0
otu602	0	3	0	0	0	0	0	0	2	3	0	0	0	2	0	0	0	0	0	0	0	0
otu603	0	0	0	0	0	0	0	1	0	0	0	2	5	2	0	0	1	0	0	0	0	0
otu604	0	0	0	2	3	4	0	0	0	0	0	0	0	0	0	0	0	0	0	0	0	0
otu605	0	0	0	0	0	0	0	0	0	11	0	0	0	0	0	0	0	0	0	0	0	0
otu606	0	1	0	0	0	0	0	1	1	3	4	0	0	0	0	0	0	0	0	0	0	0
otu607	0	0	0	4	2	2	0	0	2	0	0	0	0	0	0	0	0	0	0	0	0	0
otu608	0	0	0	0	0	0	0	0	0	0	0	13	0	0	0	0	0	0	0	0	0	0
otu609	0	0	0	1	0	0	8	0	0	0	0	0	0	0	0	0	0	0	0	0	0	0
otu610	0	0	0	0	0	0	0	0	0	0	1	0	0	0	4	0	0	0	2	0	0	0
otu611	0	0	0	0	0	0	0	0	0	11	0	0	0	0	0	0	0	0	0	0	0	0
